# sphere camera space
dist:
  min: 10.0
  max: 10.0
  num_linspace: 1

elev:
  min: -170
  max: 180
  num_linspace: 10

azim:
  min: -170
  max: 180
  num_linspace: 50

fov:
  min: 30
  max: 60
  num_linspace: 5

at: [[-1.92048857,  0.34385644, -0.28639525]]
