# sphere camera space
dist:
  min: 10.0
  max: 10.0
  num_linspace: 1

elev:
  min: -170
  max: 180
  num_linspace: 10

azim:
  min: -170
  max: 180
  num_linspace: 50

fov:
  min: 30
  max: 60
  num_linspace: 5

at: [[0.32696167,  1.49320641, -0.10323875]]
