# sphere camera space
dist:
  min: 1.0
  max: 1.0
  num_linspace: 1

elev:
  min: -45
  max: 45
  num_linspace: 10

azim:
  min: -180
  max: 180
  num_linspace: 100

fov:
  min: 30
  max: 60
  num_linspace: 5

at: [[0.00463869, 0.29339489, 0.04314076]]
