# sphere camera space
dist:
  min: 1.0
  max: 1.0
  num_linspace: 1

elev:
  min: -170
  max: 180
  num_linspace: 50

azim:
  min: -170
  max: 180
  num_linspace: 50

fov:
  min: 30
  max: 60
  num_linspace: 5

at: [[0.00463869, 0.29339489, 0.04314076]]
